0.0 0.3 20
0.3 0.6 19
0.6 1.1999999 20
1.1999999 1.7999998 15
1.7999998 2.4 16
2.4 3.0000005 13
3.0000005 3.6000009 15
3.6000009 4.2000012 11
4.2000012 4.8000016 13
4.8000016 5.400002 10
5.400002 5.8500023 11
5.8500023 6.0000024 8
6.0000024 6.3000026 10
6.3000026 6.900003 11
6.900003 7.200003 15
7.200003 7.5000033 18
7.5000033 7.8000035 16
7.8000035 9.599999 15
9.599999 9.899999 20
9.899999 10.199998 19
10.199998 10.799996 20
10.799996 11.399995 15
11.399995 11.999993 16
11.999993 12.599992 13
12.599992 13.34999 11
13.34999 13.799989 15
13.799989 14.399987 13
14.399987 14.999986 10
14.999986 15.299985 7
15.299985 15.599984 3
15.599984 15.899983 5
15.899983 16.199984 6
16.199984 16.499983 8
16.499983 16.949982 10
16.949982 17.099981 11
17.099981 17.39998 10
17.39998 19.199976 8
19.199976 19.499975 10
19.499975 19.799974 8
19.799974 20.399973 6
20.399973 20.999971 10
20.999971 21.59997 13
21.59997 22.199968 16
22.199968 22.799967 15
22.799967 23.399965 11
23.399965 23.999964 8
23.999964 24.299963 11
24.299963 24.599962 10
24.599962 25.19996 9
25.19996 25.79996 12
25.79996 26.399958 15
26.399958 26.999956 18
26.999956 28.199953 17
28.199953 28.799952 10
28.799952 29.09995 17
29.09995 29.39995 15
29.39995 29.999949 14
29.999949 30.599947 17
30.599947 31.199945 4
31.199945 31.799944 20
31.799944 32.39995 19
32.39995 32.999954 22
32.999954 33.59996 15
33.59996 33.899963 16
33.899963 34.349968 15
34.349968 34.799973 13
34.799973 35.39998 7
35.39998 35.999985 11
35.999985 36.59999 10
36.59999 37.35 8
